



Matrix:
         10  0  2  1  2  0  6  0  0  0  0 
Node 1 : 3  1  1  1  1  0  0  0  0  0  0 
Node 2 : 1  0  1  0  0  0  1  0  0  0  0 
Node 3 : 1  0  0  1  0  0  1  0  0  0  0 
Node 4 : 1  0  0  0  1  0  1  0  0  0  0 
Node 5 : 1  0  0  0  0  1  1  0  0  0  0 
Node 6 : 0  0  0  0  0  0  1  0  0  0  0 
Node 7 : 1  0  0  0  0  0  1  1  0  0  0 
Node 8 : 1  0  0  0  0  0  1  0  1  0  0 
Node 9 : 1  0  1  0  0  0  0  0  0  1  0 
Node 10 : 1  0  0  0  1  0  0  0  0  0  1 

OPEN: (0, 0) --> (1, 1) --> (7, 2) --> (10, 2) --> (8, 3) --> (9, 3) --> (5, 4) --> null
OPEN: (0, 0) --> (3, 2) --> (8, 3) --> (9, 3) --> (5, 4) --> null
OPEN: (0, 0) --> (4, 1) --> (8, 3) --> (9, 3) --> (5, 4) --> null
OPEN: (0, 0) --> (9, 3) --> (5, 4) --> null
OPEN: (0, 0) --> null
OPEN: (0, 0) --> null
OPEN: (0, 0) --> (2, 2) --> null
OPEN: (0, 0) --> null



Matrix:
         1  0  0  0  0  0  0  0  0  0  0 
Node 1 : 0  0  0  0  0  0  0  0  0  0  0 
Node 2 : 0  0  0  0  0  0  0  0  0  0  0 
Node 3 : 0  0  0  0  0  0  0  0  0  0  0 
Node 4 : 0  0  0  0  0  0  0  0  0  0  0 
Node 5 : 0  0  0  0  0  0  0  0  0  0  0 
Node 6 : 0  0  0  0  0  0  1  0  0  0  0 
Node 7 : 0  0  0  0  0  0  0  0  0  0  0 
Node 8 : 0  0  0  0  0  0  0  0  0  0  0 
Node 9 : 0  0  0  0  0  0  0  0  0  0  0 
Node 10 : 0  0  0  0  0  0  0  0  0  0  0 




Matrix:
         10  0  2  1  2  0  6  0  0  0  0 
Node 1 : 3  1  1  1  1  0  0  0  0  0  0 
Node 2 : 1  0  1  0  0  0  1  0  0  0  0 
Node 3 : 1  0  0  1  0  0  1  0  0  0  0 
Node 4 : 1  0  0  0  1  0  1  0  0  0  0 
Node 5 : 1  0  0  0  0  1  1  0  0  0  0 
Node 6 : 0  0  0  0  0  0  1  0  0  0  0 
Node 7 : 1  0  0  0  0  0  1  1  0  0  0 
Node 8 : 1  0  0  0  0  0  1  0  1  0  0 
Node 9 : 1  0  1  0  0  0  0  0  0  1  0 
Node 10 : 1  0  0  0  1  0  0  0  0  0  1 

OPEN: (0, 0) --> (1, 1) --> (7, 2) --> (10, 2) --> (8, 3) --> (9, 3) --> (5, 4) --> null
OPEN: (0, 0) --> (3, 2) --> (8, 3) --> (9, 3) --> (5, 4) --> null
OPEN: (0, 0) --> (4, 1) --> (8, 3) --> (9, 3) --> (5, 4) --> null
OPEN: (0, 0) --> (9, 3) --> (5, 4) --> null
OPEN: (0, 0) --> null
OPEN: (0, 0) --> null
OPEN: (0, 0) --> (2, 2) --> null
OPEN: (0, 0) --> null
OPEN: (0, 0) --> (6, 1) --> null



Matrix:
         0  0  0  0  0  0  0  0  0  0  0 
Node 1 : 0  0  0  0  0  0  0  0  0  0  0 
Node 2 : 0  0  0  0  0  0  0  0  0  0  0 
Node 3 : 0  0  0  0  0  0  0  0  0  0  0 
Node 4 : 0  0  0  0  0  0  0  0  0  0  0 
Node 5 : 0  0  0  0  0  0  0  0  0  0  0 
Node 6 : 0  0  0  0  0  0  0  0  0  0  0 
Node 7 : 0  0  0  0  0  0  0  0  0  0  0 
Node 8 : 0  0  0  0  0  0  0  0  0  0  0 
Node 9 : 0  0  0  0  0  0  0  0  0  0  0 
Node 10 : 0  0  0  0  0  0  0  0  0  0  0 
