



Matrix:
         14  0  1  1  1  1  5  5  4  1  0  0  0  0  2 
Node 1 : 3  1  1  1  1  0  0  0  0  0  0  0  0  0  0 
Node 2 : 2  0  1  0  0  0  1  1  0  0  0  0  0  0  0 
Node 3 : 2  0  0  1  0  0  1  1  0  0  0  0  0  0  0 
Node 4 : 1  0  0  0  1  0  0  1  0  0  0  0  0  0  0 
Node 5 : 1  0  0  0  0  1  1  0  0  0  0  0  0  0  0 
Node 6 : 2  0  0  0  0  0  1  0  1  0  0  0  0  0  1 
Node 7 : 1  0  0  0  0  0  0  1  0  1  0  0  0  0  0 
Node 8 : 1  0  0  0  0  0  0  1  1  0  0  0  0  0  0 
Node 9 : 1  0  0  0  0  0  0  0  1  1  0  0  0  0  0 
Node 10 : 2  0  0  0  0  0  1  0  0  0  1  0  0  0  1 
Node 11 : 2  0  0  0  0  0  0  1  1  0  0  1  0  0  0 
Node 12 : 1  0  0  0  0  0  0  0  1  0  0  0  1  0  0 
Node 13 : 1  0  0  0  0  0  1  0  0  0  0  0  0  1  0 
Node 14 : 1  0  0  0  0  1  0  0  0  0  0  0  0  0  1 

OPEN: (0, 0) --> (10, 1) --> (12, 1) --> (1, 2) --> (11, 2) --> (13, 4) --> null
OPEN: (0, 0) --> (11, 2) --> (13, 4) --> null
OPEN: (0, 0) --> (3, 1) --> (4, 2) --> (2, 3) --> null
OPEN: (0, 0) --> (4, 2) --> (2, 3) --> null
OPEN: (0, 0) --> null
OPEN: (0, 0) --> null
OPEN: (0, 0) --> null



Matrix:
         6  0  0  0  0  1  1  1  2  1  0  0  0  0  1 
Node 1 : 0  0  0  0  0  0  0  0  0  0  0  0  0  0  0 
Node 2 : 0  0  0  0  0  0  0  0  0  0  0  0  0  0  0 
Node 3 : 0  0  0  0  0  0  0  0  0  0  0  0  0  0  0 
Node 4 : 0  0  0  0  0  0  0  0  0  0  0  0  0  0  0 
Node 5 : 1  0  0  0  0  1  1  0  0  0  0  0  0  0  0 
Node 6 : 2  0  0  0  0  0  1  0  1  0  0  0  0  0  1 
Node 7 : 1  0  0  0  0  0  0  1  0  1  0  0  0  0  0 
Node 8 : 1  0  0  0  0  0  0  1  1  0  0  0  0  0  0 
Node 9 : 1  0  0  0  0  0  0  0  1  1  0  0  0  0  0 
Node 10 : 0  0  0  0  0  0  0  0  0  0  0  0  0  0  0 
Node 11 : 0  0  0  0  0  0  0  0  0  0  0  0  0  0  0 
Node 12 : 0  0  0  0  0  0  0  0  0  0  0  0  0  0  0 
Node 13 : 0  0  0  0  0  0  0  0  0  0  0  0  0  0  0 
Node 14 : 1  0  0  0  0  1  0  0  0  0  0  0  0  0  1 
